0.867281 -0.472369 -0.112376 0.109829 -53.2749 61.2793 921.173    0
0.943474 -0.282599 -0.143392 0.0971218 -56.0162 57.8172 922.556    0
0.484263 0.859459 -0.0960239 -0.132663 -35.9012 31.9461 916.546    1
0.369291 0.924401 0.00655303 -0.0952074 -40.9346 28.0757 917.788    1
0.163923 0.559057 -0.757852 0.293674 -4.03989 77.5239 902.995    2
0.165728 0.559845 -0.7575 0.292064 -4.1781 79.3946 902.375    2
0.127648 0.577607 -0.74321 0.312594 -5.0028 79.4465 901.41    2
0.127617 0.577537 -0.743182 0.312802 -4.66686 77.5799 902.003    2
0.136802 0.569831 -0.760115 0.280718 -4.20668 78.1258 904.009    2
0.573695 -0.146561 -0.241401 -0.768843 -12.858 8.7808 902.483    3
0.949474 -0.309183 -0.0537142 0.00444172 -65.2497 52.5197 923.554    4
0.137659 0.569735 -0.759749 0.281485 -3.97721 76.2168 904.645    2
0.914909 -0.402261 -0.030756 -0.0134969 -70.609 52.1577 921.622    4
0.949474 -0.309183 -0.0537142 0.00444172 -67.9874 52.042 923.831    4
0.950144 -0.309263 -0.039737 -0.00173521 -66.7158 52.7325 923.711    4
0.606433 -0.0956989 -0.233931 -0.753894 -13.1263 6.19791 902.638    3
0.567428 -0.0976384 -0.234152 -0.783368 -13.4674 7.25825 902.189    3
0.950144 -0.309263 -0.039737 -0.00173521 -65.0813 51.5658 923.556    4
0.596878 -0.18273 -0.2659 -0.734604 -9.12462 5.64019 905.406    3
0.599196 -0.170179 -0.248903 -0.741654 -9.89476 7.48133 905.227    3
0.457161 -0.607093 0.035719 -0.648973 -101.003 92.849 912.108    5
0.139721 0.564366 -0.748251 0.319514 -4.2524 76.0455 902.91    2
0.460099 -0.608091 0.0269645 -0.646381 -98.9441 90.1012 912.118    5
0.00404139 0.589776 -0.321068 -0.740989 -4.73188 129.482 877.032    6
0.998808 0.00568473 -0.0424412 -0.0234216 -73.4387 40.7742 921.901    7
0.616178 -0.153061 -0.233407 -0.736491 -12.836 8.17783 902.792    3
0.600232 -0.148729 -0.304535 -0.724472 -9.36664 7.09598 902.827    3
0.58457 -0.212523 -0.291649 -0.726673 -9.49406 6.62475 905.689    3
0.47399 0.456302 -0.034725 0.752275 -88.784 121.912 913.254    8
0.174106 0.595859 -0.716661 0.31786 -9.9578 81.5477 905.484    2
0.593217 -0.186683 -0.269056 -0.735427 -10.3211 4.91111 904.586    3
0.604412 -0.117533 -0.192413 -0.764101 -13.177 10.1168 902.478    3
0.567813 -0.190862 -0.213807 -0.771652 -13.4259 9.04879 902.216    3
0.439232 -0.449126 -0.621735 -0.467767 9.50177 6.43503 911.753    9
0.59326 -0.186737 -0.268915 -0.73543 -10.4452 6.7382 905.206    3
0.55373 -0.300661 -0.410653 -0.659053 -4.14748 5.87968 909.822    10
0.523414 -0.319234 -0.454279 -0.646342 -2.64694 6.39338 908.869    10
0.113304 0.60491 -0.757011 0.219499 -5.8494 78.8768 902.553    2
0.0367494 -0.57709 0.412846 0.703686 -5.59674 134.378 874.73    11
0.0571798 -0.766536 -0.296654 -0.5667 -90.3701 79.6451 914.961    12
0.430895 -0.391054 0.680211 0.44578 -16.987 73.3223 877.466    13
0.320538 0.473298 0.0831169 0.816294 -91.2135 120.918 911.332    8
0.287074 -0.789433 -0.523455 -0.142751 -3.97381 71.9218 905.1    14
0.951223 -0.304716 -0.0481691 -0.00129265 -73.4838 54.354 923.694    4
0.914004 -0.399733 -0.0680345 -0.0134629 -70.2995 54.585 924.141    4
0.577817 -0.208549 -0.272217 -0.74063 -15.8805 7.27875 903.133    3
0.47399 0.456302 -0.034725 0.752275 -87.4511 120.438 913.492    8
0.0815532 0.573815 -0.768708 0.270507 -4.29462 75.8533 902.943    2
0.131942 0.468985 -0.823781 0.289876 -4.53712 81.8023 899.374    2
0.619909 -0.167727 -0.280797 -0.713256 -12.1243 7.33686 904.864    3
0.778178 -0.0318003 -0.499215 -0.379753 -84.1151 116.538 914.036    15
0.506643 -0.254446 -0.369412 -0.736278 -9.91564 6.30769 902.92    3
0.402846 0.47324 0.0250084 0.783028 -91.8587 121.866 912.717    8
0.95703 -0.279256 -0.0770605 0.0130955 -63.9414 47.9853 924.234    4
0.572323 -0.180939 -0.214289 -0.770576 -13.1362 9.17989 902.091    3
0.403332 0.472669 0.0257215 0.7831 -90.3746 120.627 913.199    8
0.977805 -0.191826 -0.0841167 -0.0048964 -66.9361 49.2174 923.868    4
0.698566 -0.113554 -0.293641 -0.642562 -13.9517 12.6658 903.681    3
0.457805 0.40994 -0.495043 0.614245 -22.3381 81.2245 910.522    16
0.179076 0.580495 -0.720767 0.333843 -10.4578 79.9456 904.349    2
0.365966 0.475298 -0.00360032 0.800092 -92.858 122.54 911.921    8
0.600532 -0.122197 -0.196043 -0.765504 -13.2144 7.96241 901.591    3
0.14623 0.603616 -0.701732 0.34905 -4.98149 78.8009 902.78    2
0.0629004 0.617406 -0.742489 0.252118 -4.55572 76.9358 903.223    2
0.0998056 -0.595388 0.20551 0.770271 -6.98186 134.893 872.668    11
0.265187 0.552214 -0.642854 0.459863 -16.6207 80.2273 908.151    16
0.263434 0.547224 -0.655044 0.449517 -15.5824 78.4813 908.248    16
0.30981 0.519093 -0.595721 0.528844 -20.8634 79.8003 908.518    16
0.609074 -0.204626 -0.250022 -0.724324 -11.8576 5.78812 906.831    3
0.198471 0.603926 -0.702415 0.320149 -9.15831 79.3705 908.182    2
0.605303 0.166666 -0.259683 0.733755 -37.5182 117.588 908.885    17
0.197943 0.603965 -0.702735 0.319701 -9.42259 81.2796 907.582    2
0.447047 -0.579699 0.0076604 -0.681204 -97.6916 83.3337 906.976    18
0.0546838 0.767767 0.364511 0.524094 -89.0245 76.5696 912.169    19
0.149873 0.571401 -0.721675 0.360866 -13.6368 78.9079 902.887    2
0.945553 -0.310541 -0.0906382 0.0357675 -65.3993 47.9925 925.187    4
0.945439 -0.308227 -0.103056 0.0228362 -64.7522 52.1264 922.95    4
0.385492 0.470856 -0.608062 0.509854 -14.6726 81.4977 909.624    16
0.614022 -0.116194 -0.227329 -0.746858 -12.7515 6.38375 901.537    3
0.506232 -0.156865 -0.264918 -0.805569 -12.3806 6.1386 899.177    3
0.945771 -0.306983 -0.10009 0.0354939 -67.6458 51.9613 922.671    4
0.437608 -0.635494 0.0185346 -0.635848 -97.2306 87.1444 913.87    5
0.567193 0.117498 -0.16969 0.797303 -44.4441 114.12 899.515    20
0.338448 0.516424 -0.633068 0.466887 -13.5427 79.2015 910.573    16
0.642806 -0.0853582 -0.299638 -0.699808 -11.3201 6.41945 901.817    3
0.437391 -0.398427 0.675447 0.440132 -15.179 74.4812 877.63    13
0.393937 0.476276 -0.520221 0.589359 -22.3871 82.0138 909.749    16
0.755755 0.222192 0.591065 -0.173515 -96.7997 81.2268 885.893    21
0.149277 0.57094 -0.720114 0.364939 -14.33 80.7441 902.076    22
0.208943 0.574699 -0.715305 0.338235 -5.35672 80.4112 903.301    2
0.407006 0.47387 -0.547179 0.557126 -19.3849 78.776 912.465    16
0.600532 -0.122197 -0.196043 -0.765504 -13.1333 6.07656 901.112    3
0.171719 0.58478 -0.731765 0.305067 -4.68201 80.7714 902.104    2
0.133284 0.593157 -0.743055 0.279766 -8.82627 80.1111 902.61    2
0.622571 0.277389 -0.116695 0.722387 -16.7109 22.7647 903.119    23
0.506862 -0.158963 -0.263799 -0.805128 -12.43 7.8612 900.032    3
0.194119 0.57782 -0.71951 0.332788 -5.60983 80.928 903.109    2
0.186652 0.582228 -0.727774 0.310671 -4.39906 80.2554 902.324    2
0.32918 0.520731 -0.60728 0.501689 -16.7286 82.5528 908.784    16
0.540539 -0.233059 -0.183905 -0.787197 -15.888 8.27441 900.633    3
0.618323 -0.173934 -0.226365 -0.732245 -12.2653 5.7872 905.315    3
0.621806 0.160622 -0.198895 0.740269 -43.146 114.935 909.773    17
0.290286 0.52883 -0.650399 0.461578 -9.57437 82.1879 906.122    2
0.397354 0.453183 -0.535178 0.591878 -17.2278 81.8286 907.837    16
0.568822 -0.201033 -0.19558 -0.773159 -12.7054 9.50014 901.188    3
0.947216 -0.310064 -0.0814205 -0.00360899 -67.2186 48.4741 923.68    4
0.617988 -0.175484 -0.228637 -0.731452 -12.3917 7.65753 905.861    3
0.77457 0.107166 0.578175 -0.23296 -97.2688 85.3661 884.222    21
0.465687 0.405083 -0.44142 0.6513 -25.5036 79.1423 910.45    16
0.045556 0.729194 0.457456 0.506887 -84.0809 65.5034 905.393    24
0.404398 0.466721 0.0156612 0.786377 -91.47 122.62 912.235    8
0.0998056 -0.595388 0.20551 0.770271 -8.6855 134.093 873.2    11
0.0736545 -0.604358 0.235621 0.757502 -7.02967 134.365 873.988    11
0.947216 -0.310064 -0.0814205 -0.00360899 -68.8227 49.5727 923.991    4
0.441381 0.398088 -0.4732 0.650223 -20.3306 78.778 907.614    16
0.4148 0.446713 -0.533788 0.586054 -20.0464 80.094 910.054    16
0.132174 0.593418 -0.744288 0.276442 -8.90176 81.9631 901.797    2
0.00812622 -0.999309 -0.0164838 0.0323205 -42.6408 42.6621 919.762    25
0.773236 -0.00225519 -0.518701 -0.364761 -84.6248 116.567 914.507    15
0.312369 0.509666 -0.646925 0.47345 -14.1746 79.9206 907.627    16
0.948626 -0.308169 -0.067996 0.02274 -69.316 52.5765 921.929    4
0.672802 -0.381047 0.318819 -0.548174 -100.55 96.9873 898.778    26
0.949206 -0.307419 -0.0578387 0.0340163 -69.1598 50.0568 920.752    4
0.593868 -0.17839 -0.280686 -0.732607 -10.3173 6.27749 905.085    3
0.562691 -0.11352 -0.250122 -0.779699 -10.4659 5.39828 899.607    3
0.287064 -0.713655 -0.100401 -0.631039 -94.6346 84.0244 916.092    12
0.32094 0.505297 -0.637164 0.485484 -14.6126 78.2468 908.597    16
0.151311 0.594801 -0.710697 0.343841 -7.18218 78.2415 904.463    2
0.60899 -0.140133 -0.25644 -0.737382 -12.0289 6.2092 902.729    3
0.522803 -0.307794 -0.523122 -0.598568 1.69338 5.44532 908.479    10
0.561126 -0.231537 0.42776 0.669738 -26.6808 68.596 881.964    27
0.608925 -0.205407 -0.250918 -0.723919 -11.9925 7.80605 907.382    3
0.624682 0.165676 -0.192507 0.738421 -44.0225 116.705 909.838    17
0.949428 -0.309019 -0.0550198 0.00817372 -69.7825 48.9801 921.485    4
0.146219 0.585081 -0.740222 0.297274 -9.02538 80.0187 902.773    2
0.339661 0.513505 -0.56406 0.550255 -15.94 81.8408 908.095    16
0.101858 -0.536703 0.216606 0.809109 -9.15696 134.79 871.878    11
0.037926 -0.580816 0.191643 0.790245 -9.56625 133.353 873.331    11
0.549976 -0.263461 -0.44618 -0.65501 -2.7308 5.36803 907.514    10
0.949667 -0.309525 -0.0477762 -0.00668463 -71.155 49.0832 922.343    4
0.947981 -0.308671 -0.0760918 0.0162852 -63.9255 49.5617 922.986    4
0.910532 -0.406077 -0.0738443 0.0240844 -63.8486 51.981 923.004    4
0.148426 0.584506 -0.737838 0.30318 -9.07594 78.2241 903.656    2
0.462421 -0.423049 -0.574665 -0.526267 3.85838 6.93415 911.452    9
0.59406 -0.177261 -0.279244 -0.733276 -10.0733 4.35951 904.418    3
0.359271 0.499965 -0.542346 0.571682 -16.9534 79.8298 908.789    16
0.43237 -0.401079 -0.624227 -0.51238 4.88306 5.45924 907.78    9
0.689034 0.249776 0.657251 -0.175686 -97.6513 78.3204 882.25    21
0.489068 0.412206 -0.484364 0.596901 -34.9341 116.657 916.803    28
0.37033 0.428384 -0.601721 0.563271 -16.3129 80.565 906.88    16
0.597366 -0.119217 -0.224871 -0.760509 -13.5628 4.20588 901.772    3
0.35393 0.531493 -0.0776897 0.765646 -87.4906 121.386 912.965    8
0.922036 -0.384303 -0.0457562 -0.00824507 -65.1125 48.2053 923.15    4
0.0846231 -0.573966 0.194779 0.790862 -10.8139 136.082 872.301    11
0.74533 0.149461 0.622049 -0.187615 -97.4337 81.8579 884.693    21
0.718479 0.257882 0.624889 -0.163702 -102.772 74.8175 883.629    29
0.949428 -0.309019 -0.0550198 0.00817372 -68.6263 50.5801 921.387    4
0.102737 -0.537409 0.21551 0.808822 -10.8881 133.945 872.743    11
0.370141 0.42606 -0.599957 0.567027 -16.5414 79.4523 907.303    16
0.427287 -0.40378 -0.590171 -0.55325 2.22105 4.36366 908.078    10
0.0694123 -0.610995 0.238546 0.75164 -8.67004 134.328 874.694    11
0.644598 -0.150115 -0.151779 -0.734113 -15.314 7.76917 905.829    3
0.949667 -0.309525 -0.0477762 -0.00668463 -69.5794 47.9581 922.158    4
0.181724 0.556096 -0.73311 0.346819 -8.51571 80.5276 903.22    2
0.367976 0.517285 -0.624627 0.454809 -12.982 81.5377 913.346    16
0.949083 -0.308288 -0.0612212 0.0212391 -69.1354 50.9024 921.462    4
0.0805289 -0.538347 0.15629 0.824179 -10.5598 133.16 873.392    11
0.949083 -0.308288 -0.0612212 0.0212391 -67.5369 49.759 921.256    4
0.0851194 -0.57409 0.193899 0.790935 -12.6013 135.538 873.091    11
0.376526 0.52304 -0.117739 0.755509 -88.4545 121.06 918.478    8
0.48017 -0.383513 -0.597765 -0.514812 5.23137 6.37181 910.399    9
0.138716 -0.589057 0.14162 0.783399 -12.1757 141.648 874.937    11
0.0664915 -0.615799 0.243351 0.746426 -6.46679 135.046 874.451    11
0.616606 0.777094 -0.122297 -0.031072 -47.4011 37.1188 920.796    30
0.610774 0.157022 -0.230503 0.741059 -41.5769 115.999 908.43    17
0.0871103 0.612069 -0.770381 0.155873 -1.43678 75.9849 898.338    31
0.450066 0.458662 -0.520391 0.562373 -20.4671 81.4125 915.243    16
0.928566 -0.367161 -0.032259 -0.0437952 -64.3103 46.4401 922.323    4
0.250324 0.617841 -0.286534 0.688119 -85.0483 128.251 921.975    32
0.110739 0.579047 -0.787601 0.179236 -0.0501595 76.6283 898.344    31
0.128211 -0.590555 0.158959 0.78073 -10.6899 141.772 874.251    11
0.948531 -0.310022 -0.0356226 -0.0539058 -70.4217 50.3574 922.799    4
0.249562 0.618041 -0.287638 0.687756 -83.5037 127.007 922.318    32
0.572142 -0.266197 -0.483417 -0.606714 2.10031 6.59205 911.096    9
0.563082 -0.151597 -0.204124 -0.786315 -14.2587 7.38242 902.245    3
0.10135 -0.604687 0.202254 0.763659 -7.07171 134.296 872.564    11
0.0468794 -0.534517 0.248139 0.806549 -11.1687 132.895 873.536    11
0.576357 0.216864 -0.246025 0.748502 -40.077 117.723 908.495    17
0.284805 0.57452 -0.223603 0.73404 -85.6271 127.445 917.635    32
0.446115 -0.401754 -0.617786 -0.507853 5.5004 5.97608 908.647    9
0.0477339 -0.535053 0.247092 0.806465 -9.58851 133.531 872.76    11
0.947896 -0.309237 -0.0761597 0.00810554 -68.1143 49.6806 923.186    4
0.130803 -0.842752 -0.0585913 -0.518871 -46.3844 126.595 924.346    33
0.947896 -0.309237 -0.0761597 0.00810554 -69.7024 50.8233 923.462    4
0.490582 -0.384704 -0.523765 -0.580519 0.828494 3.75415 909.955    10
0.302398 0.578349 -0.238421 0.719182 -83.1355 126.918 918.237    32
0.444257 -0.403295 -0.620514 -0.504926 5.87931 4.1569 907.885    9
0.627394 -0.237512 -0.255938 -0.696032 -12.3256 7.23958 910.47    3
0.153764 0.589104 -0.729019 0.312801 -9.59527 81.8693 902.89    2
0.974849 -0.209156 -0.0417853 -0.0646324 -72.3612 47.1573 922.599    4
0.94801 -0.310201 -0.070103 -0.0117317 -68.3915 48.193 922.924    4
0.624998 -0.0412822 -0.15161 -0.764649 -9.83144 5.51081 899.849    3
0.523271 -0.231546 -0.27537 -0.772493 -12.1909 6.248 903.31    3
0.548935 -0.135979 -0.213372 -0.796651 -12.7597 4.91641 900.918    3
0.609729 -0.0574226 -0.169459 -0.772151 -10.7799 6.16737 899.528    3
0.488123 0.338844 -0.346948 0.725636 -26.8318 77.4752 906.47    34
0.134084 -0.591045 0.161544 0.77884 -10.8124 133.739 874.714    11
0.375527 0.516149 -0.102012 0.762997 -88.6449 123.718 915.838    8
0.43001 0.476987 -0.0387656 0.765554 -91.1367 119.989 916.041    8
0.717793 0.27476 0.625165 -0.135829 -95.6767 74.2716 885.559    29
0.192727 0.624014 -0.715969 0.246683 -4.55193 77.3291 904.056    2
0.300693 0.513036 -0.587757 0.548561 -18.5916 80.755 907.802    16
0.947601 -0.310222 -0.0757218 -0.00903763 -67.5996 47.7121 923.251    4
0.602407 -0.206844 -0.391779 -0.663951 -3.17451 4.49713 909.496    10
0.211442 0.974371 -0.0355513 -0.0680394 -37.1248 39.2337 920.402    35
0.947601 -0.310222 -0.0757218 -0.00903763 -64.7881 48.1787 922.889    4
0.108798 -0.60074 0.194511 0.76775 -10.8111 133.524 873.297    11
0.696799 0.26203 0.644202 -0.17554 -96.3169 77.3592 882.392    29
0.417254 0.48665 -0.0472556 0.766054 -92.0264 119.682 915.694    8
0.464825 -0.369804 -0.569057 -0.568645 1.39357 5.2505 908.166    10
0.735336 0.287038 0.601496 -0.122848 -100.794 75.7463 884.99    29
0.595799 -0.20908 -0.396665 -0.666308 -2.48678 4.47345 908.643    10
0.995626 -0.0911508 -0.00222484 -0.0203819 -75.4704 44.1058 920.825    7
0.625431 -0.0427188 -0.159005 -0.762712 -9.75026 7.25611 900.683    3
0.70711 0.280427 0.626565 -0.169624 -97.0299 75.9342 882.588    29
0.180758 0.556862 -0.734683 0.342741 -8.49012 82.1653 902.429    2
0.505355 -0.353764 -0.552716 -0.560333 2.35012 5.55412 910.265    9
0.268607 0.531166 -0.630014 0.498793 -15.7994 81.4292 906.944    16
0.168376 0.631082 -0.725007 0.218518 -3.75492 77.1519 902.9    2
0.53777 -0.290004 -0.434417 -0.661803 -4.24385 4.99676 908.189    10
0.250274 0.452064 -0.81227 0.270588 -3.74733 79.7638 901.159    2
0.0680594 -0.598847 0.153789 0.783006 -9.16953 133.075 874.158    11
0.379478 0.492158 -0.563307 0.544483 -18.9372 82.1953 910.393    16
0.383317 0.501755 -0.555607 0.540935 -15.4148 79.5471 908.039    16
0.43372 0.487092 -0.0101601 0.757975 -93.9627 118.088 916.594    8
0.118143 0.603813 -0.742677 0.264353 -5.82952 79.1149 902.748    2
0.531769 -0.573589 0.164931 -0.600845 -98.719 96.5337 908.886    5
0.953782 -0.287005 -0.0887244 -0.00751105 -67.0695 49.7967 925.042    4
0.909913 -0.406771 -0.0798691 0.0147296 -66.1673 54.1437 923.123    4
0.0742859 -0.561678 0.198808 0.799672 -10.9325 134.988 871.794    11
0.853465 -0.51946 -0.0171823 -0.0382506 -67.6809 52.9594 923.413    4
0.709862 0.307508 0.628833 -0.0781301 -95.9738 73.6714 887.229    29
0.71996 0.270852 0.623482 -0.139884 -97.3956 73.2316 885.824    29
0.533902 -0.172736 -0.236557 -0.793191 -13.3959 4.03612 901.437    3
0.1021 0.727158 0.433806 0.522139 -86.1365 73.6741 908.344    19
0.94801 -0.310201 -0.070103 -0.0117317 -65.6302 48.6588 922.605    4
0.437353 0.446655 -0.507478 0.593033 -19.3937 80.428 910.422    16
0.386681 0.44281 0.023442 0.808608 -91.7763 122.69 911.303    8
0.461929 0.36378 -0.522712 0.617298 -31.3739 117.194 909.374    36
0.521209 -0.846373 -0.0361598 0.103376 -12.5256 52.7192 913.354    37
0.43389 0.487888 -0.00844015 0.757386 -92.5411 116.714 917.128    8
0.94842 -0.308606 -0.0720143 0.00866852 -68.2868 47.8374 923.054    4
0.752366 0.251745 0.587788 -0.158351 -100.825 75.6751 885.026    29
0.706541 0.233036 0.66186 -0.0918491 -96.8029 81.0291 882.793    21
0.17486 0.579282 -0.723216 0.332888 -9.33838 80.4963 904.335    2
0.0910356 -0.566879 0.205856 0.792455 -11.5775 136 873.019    11
0.173596 0.579106 -0.723949 0.332264 -9.51133 81.656 903.796    2
0.855801 -0.51245 -0.0569002 0.0419756 -61.301 55.6267 922.089    0
0.719292 0.261074 0.637057 -0.0928309 -96.2479 77.0642 886.06    29
0.621927 0.383795 0.681476 -0.0387131 -89.4199 76.2127 883.873    38
0.445402 -0.233289 -0.295831 -0.812205 -11.6823 5.39595 901.036    3
0.305281 0.577561 -0.232927 0.720397 -84.5015 127.792 917.901    32
0.946653 -0.311143 -0.0688107 -0.0479928 -69.9707 50.1507 924.404    4
0.955064 -0.28369 -0.0844666 -0.0153991 -70.2823 48.7403 925.636    4
0.0280913 -0.618454 0.271162 0.737019 -8.83749 136.381 877.414    11
0.969348 -0.213194 -0.0553882 -0.108836 -70.0444 45.5317 925.099    4
0.970833 -0.208111 -0.111135 0.042691 -66.3408 43.4002 926.463    4
0.0544856 -0.56929 0.219501 0.790417 -11.1843 133.993 872.99    11
0.114843 0.57866 -0.768077 0.249041 -5.9307 80.5794 900.658    2
0.475424 -0.387817 0.653756 0.442915 -18.8885 76.994 876.747    13
0.696223 0.301987 0.638049 -0.130271 -92.3773 79.2379 883.038    38
0.949339 0.298296 -0.0703631 0.0694486 -32.8374 29.6483 919.057    39
0.71423 0.191733 0.611536 -0.281312 -94.4002 73.5704 880.613    29
0.184638 0.560412 -0.703604 0.395965 -10.3148 81.3552 904.626    2
0.947438 -0.309424 -0.0811057 0.00635169 -67.8267 49.6998 923.224    4
0.582541 -0.23217 -0.41558 -0.658814 -2.79237 6.12723 909.317    10
0.162733 0.564525 -0.768315 0.25401 -2.86766 81.5263 899.686    2
0.707425 0.311407 0.630149 -0.0740833 -94.217 74.6408 886.946    29
0.305678 0.800562 0.327305 0.398163 -44.3104 114.039 917.774    40
0.696799 0.26203 0.644202 -0.17554 -97.4889 78.9804 882.203    21
0.719483 0.25989 0.63711 -0.094302 -94.9975 77.8939 885.841    29
0.349027 0.566503 -0.163074 0.728465 -84.2747 124.127 917.736    32
0.578799 -0.26506 -0.478845 -0.604519 1.78366 4.79271 911.42    9
0.0903473 -0.602028 0.214758 0.763727 -11.0021 130.966 872.74    11
0.618161 -0.0690777 -0.194967 -0.758349 -11.5917 6.8154 900.944    3
0.32258 0.511412 -0.640966 0.472823 -11.5076 77.7834 908.573    16
0.722789 0.262508 0.626656 -0.126361 -100.374 77.1492 883.579    29
0.369865 0.490265 -0.535585 0.579646 -15.8743 80.3518 908.23    16
0.208954 0.549034 -0.744593 0.316987 -4.62325 78.3702 903.123    2
0.948733 -0.309758 -0.0626512 -0.00553701 -69.592 48.5893 922.6    4
0.148822 0.590023 -0.732679 0.304807 -8.92818 79.9418 903.334    2
0.948733 -0.309758 -0.0626512 -0.00553701 -66.8559 49.0505 922.305    4
0.118993 -0.607554 0.169235 0.766863 -9.02942 138.073 874.874    11
0.535268 -0.302973 -0.441811 -0.653069 -4.08636 5.15587 908.789    10
0.36006 0.502519 -0.581225 0.52916 -14.8655 82.5813 908.562    16
0.44771 0.455259 0.00719894 0.769574 -91.8521 118.523 913.887    8
0.370125 0.490005 -0.53526 0.58 -16.2453 82.289 907.73    16
0.948066 -0.310044 -0.0705658 -0.00801636 -69.897 49.4364 923.299    4
0.163027 0.575419 -0.759532 0.255787 -3.61565 80.6087 901.665    2
0.090795 -0.581279 0.212642 0.780163 -9.27896 133.191 872.467    11
0.408667 0.476087 0.0178516 0.778469 -90.2328 123.262 911.056    8
0.732766 0.271191 0.596653 -0.183071 -99.2959 75.9217 883.449    29
0.166475 -0.430059 -0.414458 0.784576 -8.98377 138.899 868.735    41
0.582193 -0.232885 -0.416897 -0.658036 -2.40279 4.27845 908.739    10
0.942337 -0.30552 -0.133294 0.029858 -66.4606 50.1924 927.635    4
0.157635 0.569643 -0.733518 0.335572 -7.77801 80.1819 903.548    2
0.422864 0.469018 -0.509803 0.584217 -18.3176 79.3926 908.177    16
0.975274 -0.209237 -0.0694698 -0.0152834 -69.7977 48.0493 923.209    4
0.0903473 -0.602028 0.214758 0.763727 -9.25531 131.78 872.221    11
0.618313 -0.0872462 -0.198311 -0.75548 -9.64544 4.48294 901.121    3
0.139044 -0.44263 -0.341015 0.81759 -10.2868 138.023 867.617    41
0.740612 0.241123 0.597721 -0.189958 -97.6317 78.1279 883.687    29
0.0958027 -0.730844 -0.265758 -0.621338 -93.8627 76.6551 910.739    12
0.618308 -0.0860503 -0.192807 -0.757044 -10.1174 6.42955 901.601    3
0.727257 0.21111 0.619012 -0.208214 -95.7957 76.7973 882.957    29
0.0907536 -0.58175 0.212808 0.779772 -10.9975 132.419 873.079    11
0.958108 -0.270653 -0.0933683 -0.00769999 -61.6765 45.4005 923.538    4
0.398886 0.459417 -0.54392 0.577908 -19.6527 81.6371 909.602    16
0.0708241 -0.561719 0.204992 0.798395 -12.5761 134.271 872.652    11
0.401779 0.439401 -0.0292215 0.802899 -89.4661 121.743 912.079    8
0.0970888 -0.616996 0.207282 0.752943 -7.63139 133.934 873.303    11
0.375969 0.665933 0.552469 0.331602 -85.9973 66.8804 901.324    24
0.225233 0.542469 -0.745487 0.315033 -2.20032 79.0105 902.801    2
0.20275 0.567716 -0.742035 0.293213 -4.15129 82.0027 901.761    2
0.114018 0.604233 -0.745351 0.257594 -6.00157 80.9479 901.842    2
0.947878 -0.318036 -0.0179775 -0.00752335 -73.5736 52.3197 921.16    4
0.0510681 -0.618543 0.237286 0.747323 -10.8191 136.611 877.863    11
0.571858 -0.498005 0.143567 -0.635891 -100.671 87.2969 905.806    18
0.101662 -0.616266 0.209974 0.752191 -8.04329 139.172 875.762    11
0.116708 0.57872 -0.766535 0.252758 -5.85646 79.161 901.418    2
0.258861 0.611914 -0.284729 0.691 -85.5531 127.907 922.332    32
0.999833 0.0014415 -0.0174126 -0.00533216 -76.5198 43.4094 921.101    7
0.451801 0.419799 -0.452499 0.644119 -25.0807 80.6665 910.264    34
0.590334 -0.155321 -0.238108 -0.755438 -12.2932 5.64389 903.37    3
0.20236 0.977657 0.0250048 -0.0511089 -44.3005 30.4816 919.049    1
0.945821 -0.310858 -0.0930661 -0.011352 -67.2857 48.5337 924.572    4
0.559531 -0.25358 -0.361899 -0.701178 -7.77324 5.648 907.073    3
0.949141 -0.309852 -0.0543451 -0.0130086 -68.4783 48.3163 921.569    4
0.116803 -0.608446 0.172932 0.765667 -10.7043 137.105 875.543    11
0.175492 0.575949 -0.723631 0.337407 -9.57488 79.7437 904.232    2
0.0496388 -0.56913 0.227876 0.788479 -9.41827 134.319 872.17    11
0.498951 -0.384082 -0.543335 -0.555262 -1.88634 2.76966 909.073    10
0.352152 0.567992 -0.155587 0.727438 -85.8933 125.043 917.494    32
0.740316 0.241647 0.598004 -0.189551 -99.2329 76.9801 884.112    29
0.338632 0.461455 0.0576624 0.817962 -91.4352 121.265 911.395    8
0.143459 -0.762126 -0.234833 -0.586035 -86.1203 79.7542 916.69    12
0.177583 0.574338 -0.753254 0.266849 -5.46292 82.2814 901.774    2
0.948729 -0.309926 -0.0612412 -0.0104323 -69.2675 49.6945 922.446    4
0.148718 -0.602377 0.133916 0.772717 -10.6508 140.212 875.882    11
0.143325 -0.762433 -0.235012 -0.585596 -87.3951 78.8022 916.929    12
0.433544 0.898402 -0.0276982 -0.064397 -45.8774 29.3887 919.179    1
0.179084 0.57566 -0.753545 0.262136 -3.13451 79.79 901.186    2
0.456609 0.463957 -0.00575566 0.759091 -93.7771 117.605 916.657    8
0.901461 -0.424588 -0.0835436 0.010635 -64.3708 49.4523 924.726    4
0.64947 -0.16834 -0.198677 -0.714407 -11.7585 8.04101 904.435    3
0.486931 -0.402165 -0.564396 -0.53162 -0.506067 3.05237 909.283    10
0.488433 -0.343965 -0.575078 -0.558934 1.42461 4.90536 909.337    10
0.105106 0.594189 -0.433268 0.669456 -81.4142 132.554 912.069    42
0.518806 -0.396223 -0.480963 -0.585254 -2.2234 6.62098 913.206    10
0.466222 -0.411446 -0.592586 -0.512045 3.61326 4.88168 910.217    9
0.716025 -0.301048 0.33416 -0.533867 -100.442 96.0136 896.811    26
0.948729 -0.309926 -0.0612412 -0.0104323 -67.6888 48.5259 922.204    4
0.151833 0.586039 -0.7546 0.253148 -5.70649 80.6618 901.884    2
0.105565 -0.58541 0.201921 0.778061 -11.8879 138.812 874.102    11
0.94414 -0.310684 -0.109868 -0.00182144 -66.1237 50.1798 925.52    4
0.282452 0.579239 -0.232107 0.72858 -85.9916 124.311 919.217    32
0.469808 0.420392 -0.449949 0.632532 -22.5036 79.8811 910.497    34
0.459919 0.460774 -0.00306489 0.759047 -94.1364 119.216 916.457    8
0.719179 0.254125 0.613286 -0.205139 -97.0241 78.3569 883.098    21
0.1751 0.574618 -0.724724 0.337533 -9.35015 81.0897 903.808    2
0.165343 0.57128 -0.730954 0.334674 -8.89548 81.4059 903.069    2
0.94414 -0.310684 -0.109868 -0.00182144 -62.9131 47.8254 924.669    4
0.0913563 0.00187754 0.799406 0.593802 -36.1584 31.6477 907.938    43
0.155303 0.553433 -0.786536 0.225729 -1.66249 80.0391 900.613    31
0.091544 -0.564302 0.184492 0.799466 -10.597 136.331 872.037    11
0.789018 0.0614022 -0.502019 -0.348794 -81.9076 116.139 914.743    15
0.66881 0.737687 -0.0637338 -0.0666964 -33.1186 -9.61775 916.958    44
0.945821 -0.310858 -0.0930661 -0.011352 -66.0616 50.1205 924.489    4
0.160017 0.57684 -0.343244 0.723764 -84.2214 127.929 912.955    42
0.447702 0.456743 0.00808355 0.76869 -92.859 119.301 913.659    8
0.977433 0.198912 -0.052095 0.0484276 -35.7308 26.9235 915.833    39
0.584813 -0.133229 -0.302871 -0.740617 -9.45364 3.35219 902.559    3
0.11173 -0.619414 0.183863 0.755008 -7.56909 137.432 874.846    11
0.522194 0.200442 -0.820577 0.117427 -3.73015 143.005 900.21    45
0.801078 0.0813228 -0.499973 -0.318884 -80.9395 115.861 915.235    15
0.454783 -0.295607 -0.213093 -0.812638 -14.5962 9.96365 901.314    3
0.109269 -0.620033 0.187799 0.75389 -9.23393 136.433 875.457    11
0.442972 -0.602038 -0.0451359 -0.662788 -95.4866 79.537 909.734    12
0.0747165 -0.568416 0.234073 0.785194 -8.96953 136.119 871.948    11
0.617482 -0.064971 -0.214408 -0.754006 -10.5316 7.06223 901.479    3
0.150638 0.585126 -0.757345 0.247719 -5.11284 80.0692 902.081    2
0.109813 -0.639293 0.140504 0.748 -6.83836 135.135 874.225    11
0.91205 -0.265448 -0.196939 0.24273 -45.3854 73.2433 915.113    46
0.949141 -0.309852 -0.0543451 -0.0130086 -67.3097 49.9663 921.554    4
0.55019 -0.30092 -0.436171 -0.645363 -6.55874 4.77385 906.687    10
0.280627 0.706147 0.544331 0.3554 -82.2244 70.8156 901.911    24
0.94381 -0.321635 -0.0754139 0.00923853 -66.5618 53.2425 923.834    4
0.197911 0.55986 -0.695222 0.405037 -12.0539 81.912 904.613    22
0.0959076 -0.0225512 0.995129 0.00334701 -34.4751 33.8819 907.884    47
0.487621 -0.333112 -0.28489 -0.75505 -13.5947 8.99626 903.06    3
0.434255 0.475174 -0.0885144 0.76013 -89.2538 123.663 916.688    8
0.535992 -0.342916 0.526873 0.563494 -22.1678 70.9253 879.099    27
0.286787 0.577407 -0.225184 0.730511 -87.6405 125.296 918.701    32
0.904155 -0.417038 -0.07223 0.0580115 -62.0345 50.5808 923.699    4
0.460859 0.46555 0.00863093 0.755511 -93.3479 116.852 917.402    8
0.498553 0.389245 -0.40728 0.658829 -25.3394 76.4123 909.386    34
0.430194 0.438053 -0.49572 0.614251 -20.7307 83.0241 907.807    16
0.940418 -0.301844 -0.155543 0.0176482 -66.1204 49.3908 929.363    4
0.0647405 -0.594138 0.194517 0.777799 -9.70214 134.089 874.04    11
0.559921 -0.23226 -0.387017 -0.69481 -8.92294 1.49075 904.407    3
0.586287 -0.120567 -0.297464 -0.743805 -11.3711 2.02702 900.858    3
0.384566 0.412254 -0.424421 0.708535 -31.7235 76.6306 905.241    48
0.235485 0.44373 -0.781841 0.36929 -6.05602 79.863 900.665    2
0.401688 0.439546 -0.0293631 0.80286 -88.0788 120.391 912.677    8
0.400067 -0.409863 -0.660665 -0.485264 4.18804 1.27245 906.127    9
0.195774 -0.506953 0.0932705 0.834249 -17.1325 142.79 870.798    49
0.408845 0.472835 -0.0877672 0.775609 -88.8068 121.32 914.606    8
0.592599 -0.1446 -0.266033 -0.746421 -11.0814 5.53007 903.371    3
0.948473 -0.307745 -0.0752469 -0.00552376 -68.3258 49.2359 923.218    4
0.621682 -0.129538 -0.24807 -0.731568 -10.6524 5.31705 903.972    3
0.229884 -0.821041 -0.0438697 -0.520693 -47.0494 130.115 923.624    33
0.234811 0.553407 -0.725533 0.334973 -6.08665 82.5434 903.272    2
0.325649 0.512709 -0.724928 0.324902 -1.46032 80.4093 904.224    2
0.437254 -0.648891 0.0227293 -0.622281 -95.3744 88.9174 915.355    5
0.91138 -0.404545 -0.0735217 0.0180243 -65.2466 50.6224 923.009    4
0.749931 0.0549914 0.572914 -0.326113 -98.3949 82.1703 885.092    21
0.00109182 0.77994 0.327079 0.533583 -86.4359 74.2732 915.654    19
0.969477 -0.20464 -0.13206 0.0282156 -66.0385 42.6475 927.933    50
0.492137 -0.43581 -0.528793 -0.536888 0.871868 7.17319 914.126    9
0.434302 -0.401372 0.601753 0.53682 -13.088 77.8033 875.603    13
0.384235 0.488895 -0.537292 0.569792 -18.688 78.9294 910.965    16
0.0608408 -0.536706 0.283736 0.792299 -10.3339 134.372 872.514    11
0.127664 0.577903 -0.783566 0.189088 1.08636 77.5896 898.276    31
0.441333 0.48732 -0.0228229 0.753142 -94.2329 118.54 918.878    8
0.331359 0.940347 -0.0345064 -0.0689697 -46.336 29.0506 919.142    1
0.715284 0.240313 0.632295 -0.175562 -94.0479 76.5817 882.639    38
0.0876613 -0.56464 0.191424 0.798031 -12.2517 135.542 872.901    11
0.108021 -0.526822 0.333288 0.774409 -14.8916 139.685 871.007    49
0.999239 0.00206416 0.0114327 -0.0372239 -75.8887 40.8242 919.894    7
0.0549733 -0.569557 0.0810053 0.816101 -8.81689 134.199 873.178    11
0.054299 -0.0594252 0.292577 -0.952848 -69.8948 50.3794 915.466    51
0.706824 0.279178 0.636105 -0.133529 -94.1808 75.3591 883.525    38
0.973977 -0.209082 -0.0872816 -0.00594344 -70.1351 48.4801 924.005    4
0.288705 -0.951611 0.0947498 0.0459144 -9.18493 43.9916 912.364    52
0.55013 -0.300831 -0.436247 -0.645404 -6.67575 6.01732 906.959    10
0.998439 -0.000259762 -0.0557584 0.0032643 -72.3519 40.7735 921.393    7
0.912995 -0.234424 -0.251963 0.21909 -41.0805 70.2893 916.207    46
0.493571 -0.396602 -0.527261 -0.566648 -1.10229 6.65062 909.653    10
0.706208 0.280644 0.631871 -0.152474 -95.0586 74.5655 883.526    29
0.705247 0.282919 0.632526 -0.149981 -96.678 73.3325 883.651    29
0.569224 -0.194389 -0.285805 -0.745997 -13.1222 6.83708 901.982    3
0.973977 -0.209082 -0.0872816 -0.00594344 -68.2832 47.6498 923.649    4
0.948434 -0.309231 -0.0692934 0.00682068 -68.5489 51.0661 922.755    4
0.522098 0.200393 -0.820636 0.117526 -2.18471 143.764 899.33    45
0.487915 -0.242503 -0.315969 -0.77672 -12.3772 5.73242 901.089    3
0.115425 -0.565214 0.216581 0.787593 -11.4612 136.04 873.441    11
0.176828 -0.829037 -0.529229 -0.0366867 0.80139 18.0884 921.043    54
0.948434 -0.309231 -0.0692934 0.00682068 -66.9269 49.9013 922.497    4
0.617497 -0.0635813 -0.20882 -0.755678 -10.3349 5.31334 900.703    3
0.513593 -0.124498 -0.151717 -0.835287 -15.7173 7.98261 894.934    53
0.718209 0.254759 0.614312 -0.204683 -98.644 77.1105 883.415    29
0.0961557 -0.613553 0.206467 0.756094 -9.58084 132.588 872.644    11
0.594571 -0.0975101 -0.191916 -0.77469 -11.7099 4.83357 900.196    3
0.0939447 -0.621999 0.211937 0.747914 -5.41999 134.639 873.096    11
0.605477 -0.169153 -0.232506 -0.742109 -11.7948 7.41957 904.528    3
0.103575 -0.588728 0.14941 0.787622 -15.5488 133.98 875.539    11
0.571088 -0.286357 -0.387075 -0.664854 -7.57086 9.27915 907.855    10
0.00423666 -0.0590955 0.405925 -0.911984 -66.9178 51.7805 913.3    51
0.592501 -0.146521 -0.269691 -0.744809 -11.118 6.98949 904.052    3
0.0661901 -0.600271 0.156427 0.781553 -7.35035 133.436 873.507    11
0.4303 -0.451059 0.605852 0.494298 -12.8808 76.2625 877.682    13
0.352939 0.45111 -0.497559 0.651436 -27.5001 78.31 906.67    34
0.599032 -0.21737 -0.361877 -0.680409 -8.83952 7.99801 906.213    3
0.174922 0.572456 -0.746658 0.29017 -5.73588 79.3906 903.417    2
0.501908 0.182265 -0.835485 0.12974 -4.92466 142.595 898.633    45
0.0888641 -0.548232 0.118207 0.823147 -7.93632 134.835 871.249    11
0.941263 -0.312051 -0.114541 0.0593936 -65.3388 49.9159 927.268    4
0.296211 0.59096 -0.238761 0.71135 -83.9717 127.167 919.244    32
0.71654 0.235929 0.631165 -0.180386 -95.8447 75.6313 882.706    29
0.109913 0.591219 -0.742438 0.295239 -6.42152 81.4066 902.051    2
0.459349 0.372239 -0.591851 0.547859 -24.2717 118.753 914.581    55
0.586881 -0.167352 -0.292475 -0.736222 -9.04628 3.9252 904.044    3
0.401966 -0.594834 0.00859005 -0.696076 -100.205 89.4765 910.95    5
0.483365 -0.346149 -0.594286 -0.54163 1.50793 0.156937 907.272    10
0.982817 -0.178444 -0.0457852 -0.0114517 -64.0321 48.789 924.245    4
0.828448 -0.554615 -0.0678799 0.0383264 -60.5417 55.965 922.359    0
0.103535 -0.585659 0.205248 0.777276 -13.536 137.998 874.864    11
0.160887 0.268926 0.482407 -0.817972 -74.6744 117.156 872.145    56
0.72199 0.201774 0.633767 -0.190675 -94.3609 82.219 882.41    21
0.198667 0.600932 -0.725174 0.271172 -3.99968 79.3299 904.829    2
0.696788 0.284382 0.642986 -0.142064 -94.4915 77.1056 882.995    38
0.721233 0.220793 0.626855 -0.195262 -96.6714 76.0123 882.437    29
0.10893 -0.534404 0.180677 0.818476 -13.0884 135.464 872.777    11
0.322458 -0.674968 -0.0867749 -0.657958 -100.287 83.72 913.726    5
0.128744 0.842612 0.258885 0.454322 -43.4661 116.899 920.837    40
0.696289 0.285688 0.643277 -0.140563 -96.1027 75.9716 883.078    29
0.733615 0.233014 0.617394 -0.162289 -96.7533 76.1602 885.638    29
0.503172 -0.38941 -0.564424 -0.525931 0.881231 2.92635 908.892    10
0.293229 0.591693 -0.244207 0.710126 -82.5886 126.303 919.536    32
0.542423 0.178619 -0.819551 0.0469932 -0.184651 134.373 903.027    57
0.512546 -0.1686 -0.193123 -0.819496 -13.2325 8.06196 901.743    3
0.244013 -0.561563 0.743068 0.2701 -5.23697 71.2716 884.25    58
0.0116645 -0.570804 0.291885 0.767366 -11.3253 132.683 874.991    11
0.429116 0.474457 -0.00297175 0.768597 -89.4676 119.806 913.527    8
0.0961557 -0.613553 0.206467 0.756094 -7.84699 133.389 872.193    11
0.434266 0.430744 -0.551409 0.567293 -14.9407 78.7433 908.852    16
0.730721 0.241112 0.619879 -0.15382 -98.1517 74.8664 885.81    29
0.554547 0.308493 -0.399186 0.661785 -34.0786 117.474 914.05    28
0.731704 0.260531 0.625432 -0.0746165 -97.9505 77.8281 888.492    29
0.789254 0.046483 -0.533748 -0.300051 -84.5882 117.021 915.386    15
0.172382 0.820954 0.173022 0.516123 -50.6981 120.206 921.301    59
0.119021 -0.567154 0.208844 0.787753 -10.368 137.017 872.89    11
0.605994 -0.138345 -0.248836 -0.742773 -11.3935 5.4254 903.445    3
0.118248 -0.567452 0.210223 0.787288 -11.9491 136.16 873.733    11
0.242574 0.583224 -0.350597 0.69144 -82.7263 131.163 918.656    32
0.60834 0.141044 -0.243273 0.742191 -38.3002 115.023 907.93    17
0.109765 0.590712 -0.740758 0.30048 -6.31353 79.6361 902.852    2
0.708719 0.232279 0.641362 -0.180052 -96.3155 78.4841 882.874    21
0.907669 -0.404332 -0.111005 0.0181749 -64.1515 54.6886 926.25    4
0.251135 0.576806 -0.699677 0.338641 -3.76234 79.5058 904.27    2
0.0873442 -0.602368 0.255218 0.751258 -9.07263 136.27 874.516    11
0.710101 0.227817 0.640014 -0.185035 -98.0786 77.4373 882.905    29
0.718729 0.230677 0.629412 -0.184546 -94.9109 76.7509 882.435    38
0.458025 -0.449389 -0.575978 -0.506471 2.95346 5.91857 912.068    9
0.604925 -0.1404 -0.259956 -0.739444 -11.2352 7.79776 904.528    3
0.347949 0.51234 -0.0256154 0.784719 -87.1592 120.864 913.609    8
0.501004 -0.325746 -0.451688 -0.662468 -6.89416 3.95052 906.642    10
0.0214995 -0.00383968 0.103451 -0.994395 -76.1122 30.4007 912.598    60
0.277503 0.82362 -0.471039 0.150877 14.2284 60.6385 925.394    61
0.73031 0.261364 0.626792 -0.0739477 -96.6431 78.5583 888.076    29
0.127628 -0.598417 0.189245 0.767981 -11.2119 141.687 875.297    49
0.244359 0.561229 -0.332111 0.717644 -80.895 130.64 916.181    42
0.705386 0.316544 0.62405 -0.113103 -95.2687 73.8026 885.764    29
0.115726 -0.564971 0.215964 0.787892 -13.0854 135.385 874.204    11
0.199635 -0.679708 0.254899 0.658156 -51.358 107.199 880.748    62
0.624243 -0.0910922 -0.187986 -0.752784 -12.4458 7.00214 902.11    3
0.623408 -0.129108 -0.164358 -0.753445 -14.6177 6.37912 899.44    3
0.571742 -0.174157 -0.250218 -0.76169 -14.7195 5.60904 900.661    3
0.221638 0.971678 -0.0547323 -0.0610153 -37.3489 38.0755 919.475    35
0.481742 0.333985 0.178991 0.790152 -92.0301 112.742 902.107    63
0.603257 0.21178 -0.264961 0.721822 -38.8151 116.775 910.624    17
0.412513 0.474247 -0.0641807 0.775115 -89.0528 122.724 913.704    8
0.496727 -0.207493 -0.213953 -0.815128 -13.8454 7.3725 902.482    3
0.342962 0.798691 -0.457301 0.188002 12.3723 59.5222 927.253    61
0.557218 -0.18513 -0.285608 -0.757405 -13.2732 2.78163 901.015    3
0.151368 -0.618251 0.14254 0.757982 -13.7015 134.656 875.702    11
0.0763725 -0.54194 0.168474 0.819808 -13.7337 133.776 871.019    11
0.0943026 -0.577731 0.218711 0.780704 -10.1818 137.349 873.222    11
0.0953327 -0.597016 0.216116 0.766667 -8.16215 136.162 873.61    11
0.0819972 -0.775507 -0.327004 -0.533792 -84.0797 75.26 915.352    64
0.40544 0.424967 -0.00125405 0.809333 -89.1996 122.229 912.485    8
0.112831 -0.574928 0.187343 0.788435 -13.6153 136.893 874.654    11
0.518195 -0.369139 -0.543151 -0.547903 -0.521363 2.72931 908.708    10
0.502321 0.226606 -0.285508 0.784097 -40.8852 116.529 906.426    17
0.733156 0.269236 0.596641 -0.18443 -100.607 77.6067 883.391    29
0.097712 0.592671 -0.758308 0.253303 -5.13046 79.0213 901.688    2
0.62677 0.204129 -0.259094 0.705946 -36.082 135.933 905.831    65
0.557242 -0.185173 -0.285555 -0.757397 -13.3543 4.68744 901.636    3
0.731235 0.256307 0.619219 -0.127158 -96.1821 77.0473 885.699    29
0.21466 0.569173 -0.756554 0.239978 0.746479 76.0615 901.957    31
0.126973 -0.52394 0.298114 0.787714 -16.7366 139.583 871.882    49
0.0353017 -0.560899 0.333303 0.757004 -11.7353 133.015 873.825    11
0.083917 0.696587 -0.474835 -0.531277 -24.5402 107.668 885.118    66
0.117606 0.691718 -0.500173 -0.507467 -24.5747 107.654 885.127    66
0.610854 -0.12847 -0.176324 -0.761093 -13.2061 8.56559 902.518    3
0.0992177 -0.629054 0.174689 0.750953 -7.11345 137.346 875.63    11
0.243811 0.208328 0.0850391 0.943358 -74.9862 98.0158 889.451    67
0.372566 0.447334 0.0201928 0.812822 -90.7021 120.854 910.571    8
0.0754335 -0.624816 0.0723612 0.773743 -10.6204 131.673 875.298    11
0.405937 0.424579 -0.000264921 0.809289 -87.8392 120.876 913.073    8
0.0799064 0.829306 0.125991 0.53851 -51.3606 124.517 922.928    59
0.518263 0.163881 -0.171949 0.821572 -44.0185 116.311 901.907    20
0.40902 -0.462981 -0.663357 -0.422265 6.42762 7.18079 908.623    9
0.260895 0.532007 -0.160145 0.789466 -93.5284 121.496 910.764    8
0.457601 0.468765 0.00591534 0.75553 -92.9772 115.25 917.613    8
0.0999109 -0.628734 0.173517 0.751401 -8.83837 136.545 876.123    11
0.733308 0.251735 0.612461 -0.15421 -97.993 75.4368 886.094    29
0.601771 -0.237862 -0.235447 -0.72516 -13.354 7.16541 907.708    3
0.199129 0.60084 -0.724911 0.27174 -4.23303 81.2359 904.326    2
0.0998719 0.593425 -0.761021 0.242321 -4.75194 80.1751 901.071    2
0.613387 0.117242 -0.214112 0.75111 -39.0059 114.765 906.743    17
0.110356 -0.534181 0.177904 0.819037 -11.4636 136.205 871.779    11
0.202207 0.546276 -0.271865 0.766018 -86.2506 123.54 910.96    8
0.303783 0.490166 0.0485483 0.815534 -93.5438 121.494 912.232    8
0.945778 -0.314901 -0.0641925 0.0471252 -68.2847 48.4932 921.703    4
0.61746 -0.154999 -0.195734 -0.745927 -13.9494 6.12845 900.759    3
0.300659 -0.605543 0.0994675 0.730088 -43.7555 117.074 879.232    69
0.15934 0.610979 0.736934 -0.241337 13.7897 12.9845 886.85    68
0.694429 0.225114 0.650306 -0.210225 -100.915 77.5126 882.893    29
0.133744 0.596721 -0.734461 0.294286 -6.92559 77.2846 901.162    2
0.0703611 -0.543719 0.206895 0.810317 -11.0553 134.457 871.444    11
0.0685031 -0.543097 0.210713 0.809909 -12.8149 133.84 872.309    11
0.179227 -0.607333 0.111988 0.765822 -8.32287 136.327 876.049    11
0.129071 -0.598101 0.186942 0.76855 -12.9209 140.901 875.987    49
0.562271 -0.219493 -0.3383 -0.721961 -10.6961 6.6407 903.374    3
0.598172 0.18283 -0.224122 0.747351 -39.9817 115.612 909.24    17
0.909694 -0.410994 -0.0498604 0.0324652 -64.8005 52.0709 921.042    4
0.0808537 -0.775689 -0.328097 -0.53303 -85.5396 73.9657 915.586    64
0.458986 -0.448077 -0.574457 -0.508485 3.08711 3.99636 911.547    9
0.596436 -0.255114 -0.258561 -0.715771 -12.5371 4.41724 907.967    3
0.552499 -0.350025 -0.451602 -0.606863 -4.37143 5.52151 911.329    10
0.63219 0.129817 -0.221598 0.731011 -39.2153 116.026 909.168    17
0.973424 -0.19627 -0.0968248 0.0674442 -69.48 51.5046 926.344    4
0.0629474 -0.548164 0.170122 0.816463 -8.05921 134.92 871.248    11
0.73363 -0.194759 -0.446182 -0.474107 -29.66 99.0351 916.117    70
0.745514 0.233957 0.576996 -0.237799 -96.0138 79.2516 882.787    21
0.742512 0.21879 0.59583 -0.213994 -97.2637 76.4957 885.467    29
0.742097 -0.00750804 -0.537032 0.401039 -44.9103 123.623 906.939    71
0.362563 0.455468 0.00217295 0.813075 -89.3413 120.558 911.545    8
0.974094 0.216741 -0.062017 -0.0178311 -50.8578 23.5685 919.278    72
0.482573 0.329463 -0.574339 0.573334 -25.9282 120.476 913.881    55
0.742817 0.208226 0.617495 -0.15351 -98.3964 77.8626 885.432    29
0.716534 0.247343 0.631588 -0.162777 -94.6123 77.9922 883.767    38
0.732284 0.254481 0.618318 -0.129162 -97.842 75.928 886.015    29
0.136594 -0.57767 0.175157 0.785467 -10.6317 137.081 873.297    11
0.0998857 0.556434 -0.765203 0.308008 -5.70529 86.5382 897.78    73
0.0872944 -0.569115 0.256609 0.776298 -11.3481 136.823 872.889    11
0.745344 0.209475 0.603011 -0.192251 -96.2372 77.7599 885.925    29
0.708884 0.266607 0.637419 -0.141779 -96.358 75.8153 883.957    29
0.0938693 -0.597401 0.2185 0.765871 -9.82219 135.356 874.344    11
0.468432 0.396812 -0.579755 0.535721 -23.7009 120.78 913.762    55
0.0725735 -0.576294 0.273988 0.766517 -8.85262 136.266 872.647    11
0.298682 -0.607701 0.101567 0.728816 -42.082 118.04 878.872    69
0.0737415 -0.541593 0.173529 0.819224 -11.3887 134.292 869.686    11
0.607219 -0.192736 -0.257944 -0.726363 -11.9839 5.07763 905.126    3
0.443352 0.19106 -0.145298 0.863611 -42.0583 116.04 904.416    20
0.3867 0.410901 -0.669787 0.482709 -0.757203 79.6409 901.482    31
0.470734 0.41362 0.131758 0.768094 -94.7401 112.383 909.793    74
0.0363335 -0.0580645 0.21543 -0.974114 -65.3562 45.5431 912.827    51
0.101956 -0.607184 0.227605 0.754406 -7.67331 137.822 874.181    11
0.726422 0.257769 0.620115 -0.146022 -96.9079 76.3134 885.081    29
0.494797 0.364272 -0.533396 0.581352 -26.598 120.903 913.487    55
0.946964 0.308225 -0.0895854 0.0151941 -50.3301 17.2057 920.74    72
0.302051 -0.612663 0.100849 0.723353 -43.1825 118.422 878.794    69
0.733566 0.250981 0.612249 -0.155051 -96.494 76.6254 885.825    29
0.44685 -0.308969 0.579994 0.607018 -19.1536 69.9238 877.318    27
0.0980085 -0.556965 0.243373 0.788006 -13.0857 137.208 872.579    11
0.525573 -0.689055 0.210475 -0.452412 -63.8488 136.38 920.375    75
0.299588 0.129364 0.136348 0.935372 -70.4107 99.9548 888.547    67
0.348037 0.475995 0.0276208 0.807178 -91.0051 119.259 910.948    8
0.0735779 -0.57618 0.272316 0.767103 -10.5183 135.503 873.473    11
0.942733 -0.328323 -0.0531418 0.0251994 -68.9184 48.3221 921.556    4
0.497123 0.48885 -0.522092 0.491237 -29.2553 113.619 926.326    76
0.123497 -0.607859 0.181798 0.763024 -9.33448 137.122 874.654    11
0.437221 0.255597 -0.669979 -0.542804 -1.17679 108.092 884.237    77
0.745046 0.210452 0.603352 -0.191264 -97.7752 76.6206 886.132    29
0.68197 0.109361 -0.16533 0.704005 -42.2962 114.396 915.522    17
0.0608671 -0.731112 -0.308488 -0.60548 -90.8047 75.3954 910.393    12
0.816549 0.111777 0.565516 -0.0307412 -63.4597 126.342 894.851    78
0.0896833 -0.616107 0.236245 0.746028 -7.6926 136.036 874.643    11
0.13436 0.61183 -0.697249 0.348505 -6.41779 79.065 905.136    2
0.0353947 -0.581957 0.236572 0.777243 -9.8545 132.699 874.08    11
0.613098 -0.0739384 -0.719142 0.318557 -7.83309 145.783 905.789    79
0.17887 0.572554 -0.723517 0.341629 -2.629 79.6142 903.571    2
0.586151 -0.0135003 -0.174773 -0.791012 -9.09082 5.39352 897.022    3
0.133271 -0.599371 0.177413 0.769102 -8.6591 139.078 874.04    11
0.568586 -0.283577 -0.413208 -0.652344 -6.23839 8.80104 907.867    10
0.128642 0.527466 -0.774513 0.324593 -7.45633 83.8053 898.761    73
0.0275967 0.69527 -0.499842 -0.515748 -46.616 97.8792 886.053    80
0.45482 -0.448673 -0.582496 -0.502523 1.84181 9.40803 909.692    9
0.300051 -0.614815 0.102923 0.722065 -41.5031 119.392 878.471    69
0.0870264 -0.569242 0.257105 0.776071 -12.991 135.981 873.775    11
0.500943 0.252533 -0.441792 0.700074 -33.288 119.37 907.718    36
0.456865 0.37759 -0.601157 0.536013 -23.7325 118.829 912.789    55
0.613054 -0.0747575 -0.718469 0.319967 -6.10217 146.436 905.128    79
0.610562 0.104338 -0.207451 0.757161 -40.6934 117.082 907.635    17
0.730624 0.247427 0.61676 -0.156766 -95.6823 77.6687 884.909    29
0.149149 0.573056 -0.347685 0.726964 -82.638 132.137 914.111    42
0.70395 0.222631 0.656395 -0.155036 -97.0059 78.1184 881.251    21
0.581831 0.231328 -0.319815 0.71111 -38.6736 122.879 908.564    71
0.716337 0.262286 0.626689 -0.159148 -97.2493 76.0116 884.382    29
0.728143 0.216782 0.618149 -0.201753 -98.1416 77.1203 884.255    29
0.322089 -0.81764 0.0466396 -0.474919 -58.8729 130.711 926.044    81
0.66529 0.345048 0.659284 -0.060639 -92.3058 71.0412 884.351    38
0.128304 -0.578797 0.193497 0.781723 -9.32071 139.789 872.598    11
0.0764527 -0.585664 0.161744 0.790564 -8.50879 135.23 873.193    11
0.179891 -0.607829 0.111225 0.765384 -9.05644 138.217 876.343    11
0.153076 -0.717114 -0.234778 -0.638117 -93.8659 77.8281 911.912    12
0.720988 0.251585 0.6188 -0.184303 -97.7383 77.062 883.745    29
0.724776 0.314465 0.612891 -0.0132683 -96.074 81.7636 886.572    21
0.9443 -0.322218 -0.0667396 -0.00433292 -68.0323 51.2834 922.864    4
0.264223 0.470021 0.0923222 0.837104 -91.2939 122.423 911.768    8
0.0425216 -0.582487 0.224793 0.77998 -11.7057 132.533 874.816    11
0.552342 -0.0617997 -0.714609 0.424774 -6.53752 149.75 899.643    79
0.510065 0.85608 -0.0254273 -0.0794623 -48.3628 27.8723 919.846    1
0.125101 -0.54437 0.236614 0.795 -14.5072 140.371 871.284    49
0.572413 -0.124214 -0.250482 -0.770826 -13.0736 3.90943 901.219    3
0.0325103 -0.0184503 0.192842 -0.980517 -66.1795 49.6611 912.539    51
0.140032 -0.576933 0.169275 0.786692 -12.3824 136.363 874.087    11
0.672645 -0.05758 0.0506505 0.735981 -26.3434 76.2229 897.4    82
0.104657 0.554514 -0.757398 0.328496 -6.14584 87.0588 898.162    73
0.507181 -0.277163 -0.540418 -0.611471 2.62382 3.01996 906.359    9
0.112967 -0.554538 0.216789 0.795443 -12.39 138.441 871.928    49
0.0930425 -0.601289 0.246152 0.754456 -7.57755 137.391 873.75    11
0.835332 -0.457511 -0.153125 0.263547 -41.0564 75.2394 912.217    46
0.0745474 -0.607333 0.0780895 0.787078 -10.4821 132.675 873.706    11
0.684017 0.27647 0.647673 -0.190273 -95.4619 73.8892 881.678    38
0.694993 0.184732 0.599271 -0.351757 -94.4391 78.5846 881.476    38
0.362441 -0.67317 -0.0593097 -0.641842 -94.3106 88.623 913.323    5
0.0477362 -0.780749 -0.236952 -0.5762 -90.7452 80.5778 919.052    12
0.158765 0.61164 -0.323854 0.704137 -86.0223 126.951 917.005    32
0.69521 -0.248185 -0.491563 0.46201 -30.4757 124.576 909.51    83
0.00839564 0.677834 -0.722908 0.133696 -6.15059 77.4791 903.572    2
0.111454 -0.51854 0.188724 0.826485 -13.5835 136.222 871.871    11
0.540825 0.269641 0.365491 0.707968 -95.7344 107.209 898.473    63
0.695932 0.224713 0.633398 -0.252961 -94.7636 76.7116 881.007    38
0.901258 -0.414221 -0.105616 0.0707165 -64.1814 46.1816 925.477    50
0.469979 0.338792 -0.584107 0.56847 -24.254 120.7 913.622    55
0.0137132 -0.730304 -0.355137 -0.583391 -89.1359 73.4972 908.996    64
0.259971 -0.950073 0.166923 0.0437494 -14.4447 46.6063 911.754    52
0.584119 0.803466 0.0667728 -0.0937506 -46.5634 33.1162 918.329    1
0.463677 0.406736 -0.218626 0.756156 -35.5835 110.641 913.564    28
0.732966 0.293466 0.595032 -0.150248 -96.5814 72.9641 887.67    29
0.469668 0.33907 -0.584572 0.568084 -24.5455 118.864 914.277    55
3.94521e-05 0.705958 0.373028 0.602058 -93.9489 71.2932 909.143    84
0.734639 0.291085 0.593547 -0.15257 -95.2371 74.2192 887.406    29
0.496608 0.860211 0.0598247 -0.0991939 -43.0169 39.0272 918.416    30
0.316993 0.512667 -0.507433 0.615792 -20.5099 79.7927 909.64    16
0.403418 -0.249732 -0.225989 -0.850774 -13.8072 5.61123 898.799    3
0.100625 0.737842 -0.331552 -0.579256 2.56759 35.0491 906.003    85
0.0414675 -0.050632 0.406801 -0.91117 -65.423 45.7255 912.773    51
0.113472 -0.582309 0.218481 0.774794 -11.1311 137.972 873.712    11
0.471844 0.368127 -0.32695 0.731402 -28.4429 81.7518 904.904    34
0.00287268 0.705907 0.376062 0.600221 -92.0977 72.1294 909.229    84
0.590929 0.443596 -0.658562 -0.142553 -25.4553 101.013 906.987    86
0.0784597 -0.585573 0.158232 0.791145 -10.2799 134.868 873.928    11
0.0956656 0.60486 -0.737893 0.283738 -5.96704 79.7699 902.759    2
0.0248827 0.688333 -0.499517 -0.525415 -48.0258 98.7361 884.384    80
0.541599 -0.363122 -0.575234 0.493882 4.0074 60.538 904.669    88
0.346199 0.0995148 0.585742 0.726051 -47.0786 95.3153 877.726    87
0.438255 0.433476 -0.610441 0.497386 -24.4556 119.721 915.512    55
0.669401 0.290088 0.659747 -0.180236 -92.7276 72.5496 879.871    38
0.174702 -0.684986 0.255374 0.65959 -48.5257 104.479 880.53    62
0.853582 -0.50446 -0.119265 0.0519085 -61.4643 52.5016 925.923    4
0.349415 0.500946 -0.526245 0.591632 -18.8628 80.9151 909.527    16
0.622657 0.106187 -0.111003 0.767268 -46.7385 120.67 903.097    20
0.578717 0.669783 -0.293817 0.360761 0.0604815 53.3876 929.637    89
